0.0     	115.0   	120.0   	400.0   	38.0    	94.0    	205.0   	105.0   	275.0   	160.0   
115.0   	0.0     	230.0   	365.0   	120.0   	42.0    	150.0   	95.0    	185.0   	245.0   
120.0   	230.0   	0.0     	520.0   	155.0   	210.0   	315.0   	140.0   	365.0   	45.0    
400.0   	365.0   	520.0   	0.0     	370.0   	250.0   	195.0   	420.0   	220.0   	515.0   
38.0    	120.0   	155.0   	370.0   	0.0     	72.0    	190.0   	125.0   	260.0   	175.0   
94.0    	42.0    	210.0   	250.0   	72.0    	0.0     	115.0   	80.0    	155.0   	210.0   
205.0   	150.0   	315.0   	195.0   	190.0   	115.0   	0.0     	220.0   	125.0   	300.0   
105.0   	95.0    	140.0   	420.0   	125.0   	80.0    	220.0   	0.0     	280.0   	120.0   
275.0   	185.0   	365.0   	220.0   	260.0   	155.0   	125.0   	280.0   	0.0     	345.0   
160.0   	245.0   	45.0    	515.0   	175.0   	210.0   	300.0   	120.0   	345.0   	0.0     
