0 82 15 4 95 36 32 29 18 95 14 87 95 70 12 76 55 5 4 12 28 30 65 78 4 72 26 92 84 90
82 0 70 54 29 58 76 36 1 98 21 90 55 44 36 20 28 98 44 14 12 49 13 46 45 78 34 6 94 59
15 70 0 69 16 49 11 71 38 81 80 47 74 25 91 9 6 85 30 99 38 11 30 13 49 36 59 82 47 21
4 54 69 0 48 46 27 86 35 90 88 83 10 78 82 22 69 94 32 21 60 49 35 82 89 72 29 88 42 99
95 29 16 48 0 8 30 5 41 52 35 9 28 73 92 41 28 84 64 51 83 59 19 34 18 32 96 72 69 34
36 58 49 46 8 0 96 75 55 75 52 47 29 18 66 64 12 97 7 15 20 81 21 88 55 77 9 50 49 77
32 76 11 27 30 96 0 60 68 33 71 2 88 93 15 88 69 97 35 99 83 44 15 38 56 21 59 1 93 93
29 36 71 86 5 75 60 0 34 65 98 23 65 14 81 39 82 65 78 26 20 48 98 21 70 68 1 77 42 63
18 1 38 35 41 55 68 34 0 3 15 47 40 31 8 31 73 11 11 94 63 9 98 69 99 17 17 85 61 71
95 98 81 90 52 75 33 65 3 0 22 34 68 78 55 28 70 97 94 89 26 92 40 52 86 84 48 57 67 58
14 21 80 88 35 52 71 98 15 22 0 16 32 29 9 44 3 76 71 30 76 29 1 10 91 81 8 30 9 5
87 90 47 83 9 47 2 23 47 34 16 0 43 10 66 31 36 86 63 28 70 17 93 74 74 61 32 61 53 25
95 55 74 10 28 29 88 65 40 68 32 43 0 13 13 85 56 46 55 53 60 94 7 87 84 83 13 8 52 94
70 44 25 78 73 18 93 14 31 78 29 10 13 0 44 14 32 25 25 69 58 18 55 24 36 60 32 10 57 71
12 36 91 82 92 66 15 81 8 55 9 66 13 44 0 13 7 84 70 2 12 97 31 22 53 63 62 28 52 8
76 20 9 22 41 64 88 39 31 28 44 31 85 14 13 0 22 49 1 50 34 59 37 55 90 94 72 85 92 63
55 28 6 69 28 12 69 82 73 70 3 36 56 32 7 22 0 20 25 38 28 8 75 95 70 8 96 41 8 7
5 98 85 94 84 97 97 65 11 97 76 86 46 25 84 49 20 0 75 62 65 68 21 8 66 11 24 9 77 9
4 44 30 32 64 7 35 78 11 94 71 63 55 25 70 1 25 75 0 87 31 52 16 73 32 75 77 6 80 11
12 14 99 21 51 15 99 26 94 89 30 28 53 69 2 50 38 62 87 0 54 85 75 73 67 41 34 27 86 92
28 12 38 60 83 20 83 20 63 26 76 70 60 58 12 34 28 65 31 54 0 41 31 34 51 17 86 83 39 59
30 49 11 49 59 81 44 48 9 92 29 17 94 18 97 59 8 68 52 85 41 0 41 97 10 2 59 80 73 13
65 13 30 35 19 21 15 98 98 40 1 93 7 55 31 37 75 21 16 75 31 41 0 10 69 28 65 34 17 45
78 46 13 82 34 88 38 21 69 52 10 74 87 24 22 55 95 8 73 73 34 97 10 0 9 32 48 37 21 57
4 45 49 89 18 55 56 70 99 86 91 74 84 36 53 90 70 66 32 67 51 10 69 9 0 70 91 39 79 84
72 78 36 72 32 77 21 68 17 84 81 61 83 60 63 94 8 11 75 41 17 2 28 32 70 0 68 2 86 71
26 34 59 29 96 9 59 1 17 48 8 32 13 32 62 72 96 24 77 34 86 59 65 48 91 68 0 39 85 14
92 6 82 88 72 50 1 77 85 57 30 61 8 10 28 85 41 9 6 27 83 80 34 37 39 2 39 0 18 34
84 94 47 42 69 49 93 42 61 67 9 53 52 57 52 92 8 77 80 86 39 73 17 21 79 86 85 18 0 15
90 59 21 99 34 77 93 63 71 58 5 25 94 71 8 63 7 9 11 92 59 13 45 57 84 71 14 34 15 0
